# From regExProgram.demo
23092462
23094686
23017256
23017580
23793881
23014184
23092462
23094686
23094221
23092462
23094686
23092113
23094246
23092462
23094686
23092979
23092462
23094686
23092979
23092462
23092870
23092595
23717121
23092595
23094896
23092870
23092870
23094896
23092595
23092073
23094054
23017957
23017965
23092073
23094054
23093549
26131278
23092073
23094495
23093549
26894815
23092073
23094054
23094495
23093549
23092073
23094054
23093549
23092073
23094054
23093549
23092989
23093031
23093003
23092989
23093031
25055632
23092989
23093031
26104456
23438266
23438267
23438266
23092431
23092573
23092431
23092573
23092601
23094165
23092601
23094165
23094709
23093002
23094709
23094709
23093178
23092820
25083140
23093178
23093178
23094927
23092518
23094927
23092630
23092675
23093126
23093143
23092440
23092717
011-23075184
011-23073022
011-23075184
011-23073022
011-23075184
011-23073022
23438054
23438053
23092962
23092898
23077514
23077513
23092736
23092569
23094648
23093694
26863645
23092456
23093465
23075069
23075070
23075306
23075307
23219186
23075069
23092436
23092548
23092551
23094387
23092478
23092051
26492560
23438096
23438098
23383827
23071161
25265806
23092392
23092241
23075092
23075093
23092722
23093720
23075183
23075111
23092901
23438130
23073055
23073093
23092785
23092035
24627216
23092506
23094376
23093666
23092085
23094956
24366222
23094008
23093094
23438194
23438052
23093423
26870710
23093423
23092934
23093485
23093284
23092922
23094537
23093061
23093061
23092934
23438255
25572451
23092824
23092824
23438249
23093501
23438063
23075309
23221151
23075319
23075308
23075320
23070153
23075323
23075318
23075317
23075321
23075295
23075291
23070180
23075296
23075298
23075298
23075301
23075301
23075298
23075298
23075298
23092132
23093486
23093657
23093753
23093662
23093448
23093649
23093662
23093584
23093657
23093649
23092159
23093381
23093101
23093829
23093700
23094881
23093574
23093829
23094881
23093001
23092050
23092252
23093008
23075095
23075095
23438192
23092951
23094916
23094878
42463285
23093856
23092998
23092951
23075096
23075097
23093249
23438193
23438193
23438193
23438193
23093856
23093148
23094435
23093059
23075098
23092951
23094086
26713066
23094086
23092540
24672467
23092950
23070108
23438186
23094937
27619185
23094937
23438121
23438154
23438071
23438144
23438103
23738177
23438144
23438122
23438122
23438106
23438103
23438177
23092315
45043273
23092592
011-23073052
011-23383252
23092659
23093245
23231873
23093245
22627499
23093291
23093291
23094911
23094237
23094080
23094080
23092048
23092048
23092659
23077504
23077510
23077508
23077512
23075204
23077515
23077502
23077505
23077505
23075326
23077506
23075094
23077750
23077509
23077505
23077501
23438265
23438076
23438062
23438070
23438244
23438243
23438082
23438075
23438074
23438076
23438065
23438074
23438244
23438242
23438068
23438065
23438020
23438068
23438020
25777416
25777416
23438244
23438244
23438244
23438069
23093662
23438019
23438110
23093700
23438094
23093260
23438093
23438090
23438091
23093657
23438092
23438091
23438094
23438090
23438092
23438093
23075114
23075116
23075334
23075325
23093329
23093301
23092696
23093301
23093359
23093977
23092932
23094422
23094517
23093359
23093977
23070164
23075113
23075113
23075113
23075118
23075118
23075107
23075106
23075106
23092748
23092011
23093903
23093903
23093903
23094019
23092670
23092096
23093207
23092664
23093461
23093101
23093139
26170143
23093461
23093139
23093684
23094612
23093461
23092956
23092704
23092485
23092276
23092856
23093153
23093586
23093586
23093586
23093256
23094517
23094038
23094538
23094916
23094009
23094038
23093551
23094038
23092913
23092061
23094021
23093443
23092123
23093856
23092214
23092214
23092214
23092858
23092527
23093967
23093285
23092889
23094589
23092547
23092343
23438141
23093708
23093708
23092255
23094387
23092587
23094790
23385947
23384961
23383552
23356034
23387306
23386034
23386126
23072568
23381278
23381278
23387306
23386126
23387306
23386034
23386034
23092688
23093599
23093599
23094517
23093147
23093575
23093260
23092784
23093081
23094103
23094103
23092547
23092570
23092570
23093157
23092570
23093265
23094301
23092462
23093246
24605701
24605721
23092268
23092728
23093206
28331762
28336329
27579070
27579067
23092840
25696862
23094924
23093271
99116645
23092607
23092001
23092692
23488054
23382693
23092692
23092001
23092692
23062438
23062712
23063199
26701724
26701723
23792550
23792552
23070365
23381954
23384201
23070635
23063795
23063794
23386075
23063795
23344131
23347332
25088977
23063795
23063794
23386075
23063795
23063795
23093501
23438084
23094796
23092720
26732040
23438064
23438064
28534643
23063321
23015768
23096752
23389362
23389752
23036928
23036527
23012232
23022228
24632950
24632981
23092720
24697648
24697018
23389362
24652982
23438125
23034635
23034806
23094086
98109898
23034626
23034404
23034614
23092255
23092011
98680006
23438142
92128053
24697018
23074184
98187627
23092950
23092853
23092789
23095670
23094745
23094745
24623739
23094901
23092722
23093571
23093054
23389362
23022016
23022030
23022031
23092654
23092777
23093906
23093500
23094812
23092339
23386755
23414519
23093080
23093198
23092019
23092028
23385600
23385666
24611664
26328528
26328529
66602979
66603040
26385670
26385671
41731872
41731873
25777333
25777444
55614000
98189309
99101576
23015314
40678651
85277669
85277669
23719393
23718864
23721459
23717093
41394414
22872839
24362181
24360016
25674322
24360922
24362361
24361794
24361849
24122645
24360371
24365009
24362425
24361852
24360229
24363192
24363618
24364230
24363130
24361125
24362866
24361202
24362025
24362988
24362151
23012933
24361561
24369511
24369663
24362769
24362676
24365834
24365835
24362819
20061283
26712851
26715303
26712951
26168756
24360618
24363940
24368237
24360427
26172089
26181553
26185240
26194390
26186576
26172324
26197984
24633968
24646165
24610524
27525095
27510586
27521091
23438201
23438231
23438233
23438202
23438229
23438204
23438203
23438206
23438205
23438200
23438236
23438235
25671134
23072072
25671522
88000001
23383761
23383145
24616487
97115301
23070629
23389818
23388883
23092885
23092923
23092398
23093750
23092348
23093564
23093566
23310521
23312650
23310521
23476603
23547845
26188290
26176417
24651269
079-23243171
079-23243172
079-23243171
23232611
23232612
23222101
23222020
080-22254101
080-22258150
080-22254102
22253414
22253424
22253115
22252634
23632660
23670878
022-23632660
22025222
22029214
23634950
41323340
41323340
44223513
44223013
22350570
24933112
25672345
13527128
22001641
22002444
22001641
22145555
22145588
22145480
24753000
23975022
011-23994177
23392020
23392030
011-23970303
hshso@nic.in
ol@nic.in
mha@nic.in
mha@nic.in
asfah@nic.in
sp.chouhan@nic.in
mha@nic.in
mha@nic.in
mha@nic.in
jsk@nic.in
jsut@nic.in
jsffr@nic.in
mha@nic.in
jsf@nic.in
mha@gov.in
jsne@mha.gov.in
mha@nic.in
jsbm@nic.in
mha@gov.in
mha@nic.in
anuj.sharma@nic.in
jsis@mha.gov.in
mha@nic.in
jsdm@nic.in
jspm@nic.in
mha@nic.in
mha@gov.in
jscs@mha.gov.in
mha@nic.in
vb.dubey@gov.in
nk.sinha@nic.in
jsol@nic.in
r_kumar@nic.in
mha@gov.in
dushyant.singh@nic.in
ak.deori@nic.in
vk.rajan@nic.in
s.ghosh@nic.in
sunil.bareja@nic.in
sanjay.mehta@nic.in
sudarshan.shah@gov.in
mha@nic.in
mha@gov.in
mha@nic.in
coastal@nic.in
mha@nic.in
mha@nic.in
pravin.horo@nic.in
prashant.rajagopal@nic.in
mk.chahar@nic.in
mukesh.mangal@nic.in
praveenk.yadav@nic.in
Ravindranath.singh@nic.in
Rajesh.ranjan@gov.in
gupta.sitaram@nic.in
dir_ol@nic.in
mha@nic.in
mha@nic.in
hilarious.kujur@nic.in
km.nandakumar@nic.in
dir_ol@nic.in
rb.tripathi@nic.in
chitralekha.sharma@nic.in
soit@nic.in
mha@nic.in
mha@nic.in
mha@nic.in
mha@nic.in
mha@nic.in
todm@nic.in
maman.singh@nic.in
s.patel@nic.in
km.kashyap@nic.in
cm.sharma@nic.in
kw.sherpa@nic.in
mha@nic.in
mha@nic.in
mha@nic.in
dhasmana.anil@nic.in
imigrn@mha.gov.in
rajesh.budgujjar@nic.in
ashutosh.anand@nic.in
vivek.kandpal@nic.in
saheed.khan@gov.in
malvinder.hkumar@gov.in
mha@mha.gov.in
shiv.n@nic.in
soffez@nic.in
kujur.elizabeth@nic.in
ramdev.kadam@nic.in
vanita.arora@nic.in
samal.pk@nic.in
ushr@nic.in
jasbir.salwan@nic.in
jitender.malik@nic.in
anoop.yadav@gov.in
legal@mha.gov.in
mha@nic.in
ramkrishna.swarnakar@ips.gov.in
mha@nic.in
devendra.prasad@nic.in
ipsitasaha.paul@gov.in
mha@nic.in
kabiraj.sabar@nic.in
mk.chahar@nic.in
mha@gov.in
sushma.diwakar@nic.in
tj.dalal@nic.in
mha@gov.in
_jus@mha.gov.in
mha@gov.in
rajeevkumar.ofb@ofb.gov.in
rajivkumar.singh@nic.in
ramkrishna.swarnakar@ips.gov.in
chetram.meena@gov.in
darshan.lal@gov.in
mha@nic.in
neeta.gupta@nic.in
nrminz@nic.in
akhil.chandra@nic.in
sarita.capoor@nic.in
shibram.motilal@nic.in
dirp@mha.gov.in
ips@mha.nic.in
sarkar.anjan@gov.in
uspma@mha.nic.in
ravi.nirmal@nic.in
So.acrcell@mha.gov.in
sopt@nic.in
mha@mha.gov.in
sopma@mha.gov.in
s.chaudhuri@nic.in
mha@nic.in
harish.rai@gov.in
rw@mha.gov.in
mha@nic.in
mha@nic.in
mha@nic.in
dirdelhi@mha.gov.in
mha@nic.in
sc.karol@nic.in
sshankar.edu@nic.in
mha@nic.in
as@nic.in
pm@nic.in
chandan.kumar@nic.in
baljit.s@nic.in
mha@gov.in
ashokkumar.pal@nic.in
cb.usha@nic.in
chitra.narayan@nic.in
sodelhi@nic.in
mohmmad.ashif@nic.in
harinath.prasad@nic.in
soplanning@nic.in
ddacts@crpf.gov.in
iocdm.mha@nic.in
assam@nic.in
governorbihar@nic.in
bih@nic.in
governor@rajbhavangoa.org
cm@gujaratindia.com
hp@nic.in
nnvohra@nic.in
keralagovernor@gmail.com
chiefminister@kerala.gov.in
cm@mp.nic.in
rajbhavan@maharashtra.gov.in
cm@maharashtra.gov.in
govodisha@nic.in
cm@pon.nic.in
skm@nic.in
skm@hub.nic.in
hgovup@gov.in
cm@wb.gov.in
lg@and.nic.in